rank_number,actor,contributions,percent,cumulative_sum,cumulative_percent,all_contributions
1,dongsupark,5664,40.71305,5664,40.71305,13912
2,pothos,2830,20.34215,8494,61.05520,13912
3,iaguis,1652,11.87464,10146,72.92984,13912
4,marga-kinvolk,669,4.80880,10815,77.73864,13912
5,t-lo,627,4.50690,11442,82.24554,13912
6,sayanchowdhury,476,3.42151,11918,85.66705,13912
7,krnowak,350,2.51581,12268,88.18286,13912
8,vbatts,343,2.46550,12611,90.64836,13912
9,mazzy89,94,0.67568,12705,91.32404,13912
10,invidian,79,0.56786,12784,91.89189,13912
11,tormath1,68,0.48879,12852,92.38068,13912
12,samm-git,63,0.45285,12915,92.83353,13912
13,alban,52,0.37378,12967,93.20730,13912
14,kosyfrances,31,0.22283,12998,93.43013,13912
15,schu,31,0.22283,13029,93.65296,13912
16,rata,29,0.20845,13058,93.86141,13912
17,blixtra,26,0.18689,13084,94.04830,13912
18,Winnie81,25,0.17970,13109,94.22800,13912
19,neilmayhew,23,0.16532,13132,94.39333,13912
20,EthraZa,20,0.14376,13152,94.53709,13912
21,jasonbraganza,19,0.13657,13171,94.67366,13912
22,ahrkrak,16,0.11501,13187,94.78867,13912
23,goochjj,16,0.11501,13203,94.90368,13912
24,HeikoOnnebrink,16,0.11501,13219,95.01869,13912
25,silencej,15,0.10782,13234,95.12651,13912
26,johananl,13,0.09344,13247,95.21995,13912
27,judexzhu,13,0.09344,13260,95.31340,13912
28,dharmab,12,0.08626,13272,95.39965,13912
29,endzyme,12,0.08626,13284,95.48591,13912
30,joaquimrocha,12,0.08626,13296,95.57217,13912
31,awprice,11,0.07907,13307,95.65124,13912
32,obourdon,11,0.07907,13318,95.73030,13912
33,strawgate,11,0.07907,13329,95.80937,13912
34,alpana17,10,0.07188,13339,95.88125,13912
35,fransvanberckel,10,0.07188,13349,95.95313,13912
36,xeor,10,0.07188,13359,96.02501,13912
37,carpenike,9,0.06469,13368,96.08971,13912
38,dghubble,9,0.06469,13377,96.15440,13912
39,jaysiyani,9,0.06469,13386,96.21909,13912
40,ribbybibby,9,0.06469,13395,96.28378,13912
41,gyalowitzdtlr,8,0.05750,13403,96.34129,13912
42,mauriciovasquezbernal,8,0.05750,13411,96.39879,13912
43,mikekuzak,8,0.05750,13419,96.45630,13912
44,sfudeus,8,0.05750,13427,96.51380,13912
45,surajssd,8,0.05750,13435,96.57131,13912
46,CptDaniel,7,0.05032,13442,96.62162,13912
47,dmlambea,7,0.05032,13449,96.67194,13912
48,ethicalmohit,7,0.05032,13456,96.72225,13912
49,Finkregh,7,0.05032,13463,96.77257,13912
50,Jasper-Ben,7,0.05032,13470,96.82289,13912
51,marcelo-herrera-sp,7,0.05032,13477,96.87320,13912
52,4ss3g4f,6,0.04313,13483,96.91633,13912
53,a2yp,6,0.04313,13489,96.95946,13912
54,bonkko,6,0.04313,13495,97.00259,13912
55,cdemers,6,0.04313,13501,97.04572,13912
56,f0o,6,0.04313,13507,97.08884,13912
57,grepory,6,0.04313,13513,97.13197,13912
58,lht,6,0.04313,13519,97.17510,13912
59,shift,6,0.04313,13525,97.21823,13912
60,anthr76,5,0.03594,13530,97.25417,13912
61,ashu8912,5,0.03594,13535,97.29011,13912
62,blanquicet,5,0.03594,13540,97.32605,13912
63,comphilip,5,0.03594,13545,97.36199,13912
64,dadux,5,0.03594,13550,97.39793,13912
65,ffilippopoulos,5,0.03594,13555,97.43387,13912
66,hakman,5,0.03594,13560,97.46981,13912
67,kshitizbakshi,5,0.03594,13565,97.50575,13912
68,michaeldebian,5,0.03594,13570,97.54169,13912
69,seh,5,0.03594,13575,97.57763,13912
70,zeemba,5,0.03594,13580,97.61357,13912
71,Beetix,4,0.02875,13584,97.64232,13912
72,bersace,4,0.02875,13588,97.67108,13912
73,bzub,4,0.02875,13592,97.69983,13912
74,crinjes,4,0.02875,13596,97.72858,13912
75,dwagelaar,4,0.02875,13600,97.75733,13912
76,elsbrock,4,0.02875,13604,97.78608,13912
77,goshlanguage,4,0.02875,13608,97.81484,13912
78,hwaastad,4,0.02875,13612,97.84359,13912
79,kaplan-michael,4,0.02875,13616,97.87234,13912
80,Keithsc,4,0.02875,13620,97.90109,13912
81,KillahB33,4,0.02875,13624,97.92984,13912
82,matti,4,0.02875,13628,97.95860,13912
83,mback2k,4,0.02875,13632,97.98735,13912
84,mdgreenwald,4,0.02875,13636,98.01610,13912
85,mindw,4,0.02875,13640,98.04485,13912
86,mleklund,4,0.02875,13644,98.07361,13912
87,nathanhourt,4,0.02875,13648,98.10236,13912
88,oliverkurth,4,0.02875,13652,98.13111,13912
89,raravena80,4,0.02875,13656,98.15986,13912
90,rgl,4,0.02875,13660,98.18861,13912
91,riccardo32,4,0.02875,13664,98.21737,13912
92,ryanm101,4,0.02875,13668,98.24612,13912
93,simonello,4,0.02875,13672,98.27487,13912
94,skshandilya,4,0.02875,13676,98.30362,13912
95,teemow,4,0.02875,13680,98.33237,13912
96,tgelter,4,0.02875,13684,98.36113,13912
97,ThreeDfish,4,0.02875,13688,98.38988,13912
98,till,4,0.02875,13692,98.41863,13912
99,agiterman1,3,0.02156,13695,98.44020,13912
100,akunszt,3,0.02156,13698,98.46176,13912
101,arizvisa,3,0.02156,13701,98.48332,13912
102,bobhenkel,3,0.02156,13704,98.50489,13912
103,bobveznat,3,0.02156,13707,98.52645,13912
104,bryanlatten,3,0.02156,13710,98.54802,13912
105,chifu1234,3,0.02156,13713,98.56958,13912
106,dustin-decker,3,0.02156,13716,98.59114,13912
107,dvulpe,3,0.02156,13719,98.61271,13912
108,fwmsn,3,0.02156,13722,98.63427,13912
109,ggeighty8,3,0.02156,13725,98.65584,13912
110,helma,3,0.02156,13728,98.67740,13912
111,jcrowthe,3,0.02156,13731,98.69896,13912
112,kinghuang,3,0.02156,13734,98.72053,13912
113,maikelvl,3,0.02156,13737,98.74209,13912
114,mattrco,3,0.02156,13740,98.76366,13912
115,maxbischoff,3,0.02156,13743,98.78522,13912
116,mdaniel,3,0.02156,13746,98.80679,13912
117,mritalian,3,0.02156,13749,98.82835,13912
118,n-marciniak,3,0.02156,13752,98.84991,13912
119,pierrchen,3,0.02156,13755,98.87148,13912
120,rikatz,3,0.02156,13758,98.89304,13912
121,ruskofd,3,0.02156,13761,98.91461,13912
122,ruslanloman,3,0.02156,13764,98.93617,13912
123,surajnarwade,3,0.02156,13767,98.95773,13912
124,tobgu,3,0.02156,13770,98.97930,13912
125,twendt,3,0.02156,13773,99.00086,13912
126,weisjohn,3,0.02156,13776,99.02243,13912
127,wernerb,3,0.02156,13779,99.04399,13912
128,adriandav,2,0.01438,13781,99.05837,13912
129,arianvp,2,0.01438,13783,99.07274,13912
130,bjethwan,2,0.01438,13785,99.08712,13912
131,bugre,2,0.01438,13787,99.10150,13912
132,chasebolt,2,0.01438,13789,99.11587,13912
133,Cougar,2,0.01438,13791,99.13025,13912
134,Crazyigor1987,2,0.01438,13793,99.14462,13912
135,dennisme,2,0.01438,13795,99.15900,13912
136,der-eismann,2,0.01438,13797,99.17338,13912
137,dgsardina,2,0.01438,13799,99.18775,13912
138,DiCanio,2,0.01438,13801,99.20213,13912
139,dmazhar-cogniance,2,0.01438,13803,99.21650,13912
140,doets001,2,0.01438,13805,99.23088,13912
141,gprakosa,2,0.01438,13807,99.24526,13912
142,HubertBos,2,0.01438,13809,99.25963,13912
143,ialidzhikov,2,0.01438,13811,99.27401,13912
144,ipochi,2,0.01438,13813,99.28838,13912
145,johnwvmw,2,0.01438,13815,99.30276,13912
146,juliantaylor,2,0.01438,13817,99.31714,13912
147,kgwaters6,2,0.01438,13819,99.33151,13912
148,MarkIannucci,2,0.01438,13821,99.34589,13912
149,matveybrant,2,0.01438,13823,99.36026,13912
150,michaelplemmons,2,0.01438,13825,99.37464,13912
151,moritz31,2,0.01438,13827,99.38902,13912
152,muelli,2,0.01438,13829,99.40339,13912
153,ofer-tvil,2,0.01438,13831,99.41777,13912
154,orbatschow,2,0.01438,13833,99.43214,13912
155,patrickshan,2,0.01438,13835,99.44652,13912
156,pddenhar,2,0.01438,13837,99.46090,13912
157,pysen,2,0.01438,13839,99.47527,13912
158,Rumbles,2,0.01438,13841,99.48965,13912
159,simonfuhrer,2,0.01438,13843,99.50403,13912
160,straffalli,2,0.01438,13845,99.51840,13912
161,sxiii,2,0.01438,13847,99.53278,13912
162,tilleyc,2,0.01438,13849,99.54715,13912
163,tinjaw,2,0.01438,13851,99.56153,13912
164,vroad,2,0.01438,13853,99.57591,13912
165,zytrik,2,0.01438,13855,99.59028,13912
166,akolosov-a,1,0.00719,13856,99.59747,13912
167,alkar,1,0.00719,13857,99.60466,13912
168,amayausky,1,0.00719,13858,99.61185,13912
169,amitsingla,1,0.00719,13859,99.61903,13912
170,anakaiti,1,0.00719,13860,99.62622,13912
171,anguslees,1,0.00719,13861,99.63341,13912
172,austinnichols101,1,0.00719,13862,99.64060,13912
173,b4ck3r,1,0.00719,13863,99.64779,13912
174,bbagwellffn,1,0.00719,13864,99.65497,13912
175,bgilbert,1,0.00719,13865,99.66216,13912
176,bguenthner,1,0.00719,13866,99.66935,13912
177,brandonmcclure,1,0.00719,13867,99.67654,13912
178,brianredbeard,1,0.00719,13868,99.68373,13912
179,cespo,1,0.00719,13869,99.69091,13912
180,davidgibbons,1,0.00719,13870,99.69810,13912
181,dustinmiller1337,1,0.00719,13871,99.70529,13912
182,eb3095,1,0.00719,13872,99.71248,13912
183,edgarlanting,1,0.00719,13873,99.71967,13912
184,esyr-rh,1,0.00719,13874,99.72685,13912
185,george-angel,1,0.00719,13875,99.73404,13912
186,gomex,1,0.00719,13876,99.74123,13912
187,gregsymons,1,0.00719,13877,99.74842,13912
188,hasso,1,0.00719,13878,99.75561,13912
189,hehongbo,1,0.00719,13879,99.76279,13912
190,igcherkaev,1,0.00719,13880,99.76998,13912
191,jbanety,1,0.00719,13881,99.77717,13912
192,jbguerraz,1,0.00719,13882,99.78436,13912
193,jdef,1,0.00719,13883,99.79155,13912
194,jlsan92,1,0.00719,13884,99.79873,13912
195,joerggollnick,1,0.00719,13885,99.80592,13912
196,josephschorr,1,0.00719,13886,99.81311,13912
197,Kenevist-admin,1,0.00719,13887,99.82030,13912
198,larstobi,1,0.00719,13888,99.82749,13912
199,Lplazier,1,0.00719,13889,99.83468,13912
200,ltagliamonte-dd,1,0.00719,13890,99.84186,13912
201,lukasgr90,1,0.00719,13891,99.84905,13912
202,mariusgheorghies-plutoflume,1,0.00719,13892,99.85624,13912
203,martin31821,1,0.00719,13893,99.86343,13912
204,matoszz,1,0.00719,13894,99.87062,13912
205,mfw78,1,0.00719,13895,99.87780,13912
206,MikeSchroll,1,0.00719,13896,99.88499,13912
207,mitchellmaler,1,0.00719,13897,99.89218,13912
208,mrdima,1,0.00719,13898,99.89937,13912
209,mt-inside,1,0.00719,13899,99.90656,13912
210,mukteshkrmishra,1,0.00719,13900,99.91374,13912
211,nchowinf,1,0.00719,13901,99.92093,13912
212,norve,1,0.00719,13902,99.92812,13912
213,PavloZabudskyi,1,0.00719,13903,99.93531,13912
214,pipo02mix,1,0.00719,13904,99.94250,13912
215,pms1969,1,0.00719,13905,99.94968,13912
216,rainyday,1,0.00719,13906,99.95687,13912
217,redhandpl,1,0.00719,13907,99.96406,13912
218,R-MiN,1,0.00719,13908,99.97125,13912
219,shell,1,0.00719,13909,99.97844,13912
220,shosti,1,0.00719,13910,99.98562,13912
221,siodor,1,0.00719,13911,99.99281,13912
222,smalltown,1,0.00719,13912,100.00000,13912
